-55000 238333 24088.0 -30125.0
-100833 192500 15166.0 9783.0
-27500 183333 15166.0 29521.0
27500 174166 24088.0 -33843.0
-55000 155833 9813.0 -7571.0
137500 137500 16951.0 -12232.0
-64166 119166 13382.0 -9803.0
155833 110000 15166.0 10305.0
-192500 100833 22303.0 -19215.0
210833 110000 25872.0 -56777.0
-45833 100833 9813.0 9152.0
155833 73333 13382.0 -13405.0
64166 73333 25872.0 -23153.0
137500 55000 8029.0 6120.0
0 91666 20519.0 30386.0
18333 18333 34793.0 63593.0
-165000 -18333 25872.0 -30874.0
165000 -36666 36578.0 -70329.0
64166 -100833 22303.0 -19896.0
-36666 -110000 59773.0 -126153.0
-165000 -137500 22303.0 17154.0
-220000 -128333 18735.0 13796.0
-256666 -137500 16951.0 21681.0
247500 -146666 31225.0 43204.0
91666 -165000 22303.0 29379.0
-100833 -220000 18735.0 -22761.0
-146666 -229166 16951.0 11842.0
27500 -256666 16951.0 13127.0
